00003403
00803483
01003503
01803583
02003603
02803683
03003703
03803783
04003803
04803883
02940933
00000013
00000013
00000013
02B509B3
00000013
00000013
00000013
02D60A33
00000013
00000013
00000013
02F70AB3
00000013
00000013
00000013
03180B33
00000013
00000013
00000013
00000B93
00000013
00000013
00000013
012B8BB3
00000013
00000013
00000013
013B8BB3
00000013
00000013
00000013
014B8BB3
00000013
00000013
00000013
015B8BB3
00000013
00000013
00000013
016B8BB3
00000013
00000013
00000013
00000013
2000007E // STOP instruction mult2